1000
0	15.57226158	-3.238550559e-12
1	15.65633159	-2.11963762e-12
2	15.70628268	4.412415503e-13
3	15.76699527	2.63674126e-12
4	15.8767068	2.923499116e-12
5	16.03447243	1.082825302e-12
6	16.19764639	-1.571701841e-12
7	16.31271262	-3.168105905e-12
8	16.35757288	-2.581726499e-12
9	16.36354173	-2.409836093e-13
10	16.39857819	2.218032239e-12
11	16.52092253	3.059396458e-12
12	16.73481964	1.670679258e-12
13	16.98083913	-9.654511172e-13
14	17.17075224	-2.969771901e-12
15	17.24589271	-2.953200767e-12
16	17.21996139	-9.027335881e-13
17	17.17559804	1.713679946e-12
18	17.21413494	3.041786117e-12
19	17.38989079	2.16694259e-12
20	17.6722878	-3.247380525e-13
21	17.96212893	-2.655482089e-12
22	18.15314483	-3.209632044e-12
23	18.1996778	-1.572572527e-12
24	18.14650891	1.045104907e-12
25	18.1010248	2.851414683e-12
26	18.16541231	2.51622839e-12
27	18.37260236	3.513080402e-13
28	18.66703404	-2.208117645e-12
29	18.94182883	-3.326135541e-12
30	19.10729014	-2.181154444e-12
31	19.14599668	4.3332111e-13
32	19.11974595	2.59166918e-12
33	19.12598364	2.833439216e-12
34	19.23419385	9.662937172e-13
35	19.44434558	-1.698288452e-12
36	19.69294451	-3.295352554e-12
37	19.89958682	-2.698904077e-12
38	20.02058075	-3.422079598e-13
39	20.07356508	2.100545708e-12
40	20.11883251	2.885511898e-12
41	20.21337625	1.528588806e-12
42	20.37141021	-1.156833671e-12
43	20.55858734	-3.129641214e-12
44	20.72188015	-3.138965988e-12
45	20.83149382	-1.0461722e-12
46	20.90336479	1.605321582e-12
47	20.98587087	2.768221973e-12
48	21.12109961	1.890457433e-12
49	21.3099769	-5.734174088e-13
50	21.50803475	-2.848886883e-12
51	21.65632771	-3.410732585e-12
52	21.72593826	-1.832598897e-12
53	21.74349522	1.005053319e-12
54	21.77749974	2.705532531e-12
55	21.89276021	2.409386706e-12
56	22.10364182	1.979548343e-13
57	22.35934131	-2.521059297e-12
58	22.57353195	-3.551502963e-12
59	22.68036291	-2.32860945e-12
60	22.67979159	1.797546736e-13
61	22.64104429	2.371750571e-12
62	22.66028876	2.656212342e-12
63	22.79923855	8.231640584e-13
64	23.04470907	-1.9101181e-12
65	23.31592234	-3.400284344e-12
66	23.51522722	-2.844168323e-12
67	23.58952157	-5.264565003e-13
68	23.56283919	1.948765355e-12
69	23.51965987	2.792488854e-12
70	23.55064282	1.257608635e-12
71	23.69636075	-1.448822669e-12
72	23.92477943	-3.354222209e-12
73	24.15524437	-3.37815205e-12
74	24.31138255	-1.189975939e-12
75	24.36771179	1.433094135e-12
76	24.36082669	2.633855355e-12
77	24.36067705	1.65531585e-12
78	24.423518	-7.945156573e-13
79	24.55835693	-3.027293397e-12
80	24.72733827	-3.606777526e-12
81	24.87643987	-2.009207864e-12
82	24.97304104	8.293431253e-13
83	25.02442215	2.561279405e-12
84	25.06659133	2.015274584e-12
85	25.13428873	-2.658122236e-13
86	25.23533914	-2.619025594e-12
87	25.34764855	-3.667894115e-12
88	25.43947788	-2.627114555e-12
89	25.49640983	-7.684512296e-14
90	25.53402758	2.281311501e-12
91	25.58651969	2.442416627e-12
92	25.67969902	6.954258935e-13
93	25.8088303	-2.318835289e-12
94	25.93853327	-4.020887355e-12
95	26.02611428	-3.370175436e-12
96	26.05242454	-8.046268577e-13
97	26.03817982	1.623634089e-12
98	26.03318117	2.524429697e-12
99	26.08455192	1.259406182e-12
100	26.20496148	-1.307490557e-12
101	26.36244922	-3.483870268e-12
102	26.49931609	-3.360738316e-12
103	26.56820167	-1.518477605e-12
104	26.56200296	1.132454444e-12
105	26.51835274	2.786197441e-12
106	26.49605827	1.804287536e-12
107	26.53894507	-8.998968347e-13
108	26.65009924	-3.189297296e-12
109	26.79201949	-3.485667814e-12
110	26.91117995	-1.735756067e-12
111	26.97041501	1.140768097e-12
112	26.96891252	2.893825551e-12
113	26.93893143	2.244686486e-12
114	26.92365375	-4.356803901e-13
115	26.95158142	-2.829787949e-12
116	27.02306358	-3.789003826e-12
117	27.11501322	-2.32962057e-12
118	27.19792164	2.923260379e-13
119	27.25286383	2.58374874e-12
120	27.27858804	2.310746329e-12
121	27.28699632	6.644182123e-13
122	27.29292287	-1.980447116e-12
123	27.3061352	-3.72474153e-12
124	27.32965636	-2.842820163e-12
125	27.36277061	-3.79731748e-13
126	27.4040849	2.241990166e-12
127	27.45155978	2.535439671e-12
128	27.50041838	1.240531941e-12
129	27.54244384	-1.412197654e-12
130	27.56908121	-3.152672281e-12
131	27.57702924	-2.941011153e-12
132	27.5720336	-1.074932948e-12
133	27.56716969	1.12481487e-12
134	27.57583369	2.542854551e-12
135	27.60386362	1.544542033e-12
136	27.64622397	-7.014926137e-13
137	27.69052582	-3.004599369e-12
138	27.72470437	-3.169973669e-12
139	27.74332085	-1.427252108e-12
140	27.74844674	9.751691042e-13
141	27.74565378	2.703734984e-12
142	27.73946004	2.030778425e-12
143	27.73243165	-2.123352082e-13
144	27.72812244	-2.532743351e-12
145	27.73369811	-3.475107227e-12
146	27.757561	-2.459718015e-12
147	27.80166796	2.415453426e-13
148	27.85422732	2.473649002e-12
149	27.89067732	2.778557867e-12
150	27.88621014	8.92257261e-13
151	27.83396494	-1.553305073e-12
152	27.75616258	-3.37511869e-12
153	27.6972559	-2.922810993e-12
154	27.69921966	-4.471397506e-13
155	27.77267944	2.104927228e-12
156	27.88366572	2.886185978e-12
157	27.96832811	1.502749071e-12
158	27.97015577	-1.050666067e-12
159	27.87755192	-3.180084869e-12
160	27.73628107	-2.975389235e-12
161	27.62550569	-7.00369147e-13
162	27.60984925	1.512860272e-12
163	27.69742917	2.891578618e-12
164	27.83218753	2.078413413e-12
165	27.92757718	-9.864037713e-13
166	27.92107425	-2.621047834e-12
167	27.81391078	-3.272883219e-12
168	27.66915317	-1.706096546e-12
169	27.56896808	4.75675805e-13
170	27.56004355	2.69542133e-12
171	27.62479084	2.031677198e-12
172	27.69817329	3.03560705e-13
173	27.71752168	-2.43185604e-12
174	27.66850646	-3.137168441e-12
175	27.59268339	-2.038867385e-12
176	27.55033547	3.689464675e-13
177	27.56686433	2.9461791e-12
178	27.60584187	2.566896739e-12
179	27.59402001	1.176943725e-12
180	27.48391714	-1.64385649e-12
181	27.30670733	-2.616329274e-12
182	27.16859313	-2.286479448e-12
183	27.18171374	2.921013446e-14
184	27.37177391	2.791140694e-12
185	27.63139385	3.245470632e-12
186	27.76624714	1.316253597e-12
187	27.61916267	-1.576897874e-12
188	27.19552203	-3.671938595e-12
189	26.69747245	-2.911576325e-12
190	26.42378936	-1.11672591e-12
191	26.58124976	1.851922525e-12
192	27.12436903	2.841921389e-12
193	27.74009172	2.273896621e-12
194	28.01213247	-6.075707967e-13
195	27.68149803	-3.092679159e-12
196	26.84187775	-2.980781875e-12
197	25.92977494	-1.38231344e-12
198	25.48781515	1.785862682e-12
199	25.82768483	3.088634679e-12
200	26.8009762	2.890455151e-12
201	27.83984631	4.889327122e-13
202	28.27151421	-2.232103659e-12
203	27.73339919	-2.885062511e-12
204	26.43314339	-1.672617238e-12
205	25.07264786	1.282100209e-12
206	24.45345003	2.524205004e-12
207	24.98521837	2.967300274e-12
208	26.39907731	6.952012001e-13
209	27.86192849	-2.123352082e-12
210	28.45017767	-3.02751809e-12
211	27.71276131	-2.481962656e-12
212	25.97926706	3.365906263e-13
213	24.20592113	2.616329274e-12
214	23.42706879	3.083691425e-12
215	24.12825294	1.741822787e-12
216	25.92244362	-1.111782656e-12
217	27.74323259	-2.773165227e-12
218	28.46084659	-2.708004158e-12
219	27.56312371	-1.761595801e-13
220	25.48899582	2.215476352e-12
221	23.39844367	3.28771298e-12
222	22.49874411	2.458145161e-12
223	23.32076215	-2.835629976e-13
224	25.38139222	-2.315689583e-12
225	27.44646424	-3.181657723e-12
226	28.25073959	-1.261877809e-12
227	27.25236902	1.380066506e-12
228	24.9695994	2.887309445e-12
229	22.69035493	2.602398287e-12
230	21.71840412	1.752608068e-13
231	22.59994228	-2.110769255e-12
232	24.79163027	-3.155593295e-12
233	26.97222109	-1.702276759e-12
234	27.81779153	8.322641387e-13
235	26.78331662	2.681040957e-12
236	24.42724734	2.972692915e-12
237	22.08546293	9.410157162e-13
238	21.08626388	-1.569707687e-12
239	21.96977876	-2.981680648e-12
240	24.17205581	-2.438821534e-12
241	26.35876585	2.336810757e-13
242	27.20991929	2.42444116e-12
243	26.19250253	3.234685351e-12
244	23.86774934	1.598917822e-12
245	21.55603973	-1.133802604e-12
246	20.56040241	-2.828439789e-12
247	21.40636486	-2.814508802e-12
248	23.54212535	-4.997179926e-13
249	25.66973367	1.877986952e-12
250	26.50794016	3.010890783e-12
251	25.53782504	1.936407221e-12
252	23.29727542	-5.509480746e-13
253	21.05777091	-2.750246506e-12
254	20.07798146	-2.93674198e-12
255	20.87237593	-1.077179881e-12
256	22.91944099	1.459158563e-12
257	24.97436729	3.066614731e-12
258	25.79872701	2.390737159e-12
259	24.87984769	8.628224332e-14
260	22.72273926	-2.367369051e-12
261	20.54894037	-3.116496653e-12
262	19.58164977	-1.661382571e-12
263	20.33474577	9.293316625e-13
264	22.31805939	2.830686722e-12
265	24.32748003	2.77541216e-12
266	25.14862005	6.956505868e-13
267	24.26380186	-1.982244663e-12
268	22.15171554	-3.179410789e-12
269	20.00658613	-2.272099074e-12
270	19.04104327	2.633405968e-13
271	19.77860678	2.550269432e-12
272	21.7477509	2.972243528e-12
273	23.75622372	1.260979035e-12
274	24.58670115	-1.293334876e-12
275	23.70885792	-3.20637399e-12
276	21.59198453	-2.903936752e-12
277	19.43381753	-5.221873268e-13
278	18.46157495	2.026733945e-12
279	19.21229971	3.11290156e-12
280	21.21414655	1.906298313e-12
281	23.25795512	-9.145019019e-13
282	24.10346571	-2.904835525e-12
283	23.20823764	-3.303890901e-12
284	21.05095897	-1.081224362e-12
285	18.85613644	1.677111105e-12
286	17.87796936	3.276028926e-12
287	18.66201277	2.731821652e-12
288	20.71950147	3.460277467e-14
289	22.80915036	-2.383097585e-12
290	23.66431432	-3.422978372e-12
291	22.73941325	-1.747664814e-12
292	20.53528473	9.841568379e-13
293	18.30899964	2.830237336e-12
294	17.33613665	3.089982839e-12
295	18.15886486	6.543070119e-13
296	20.26373457	-1.862258418e-12
297	22.38110869	-3.572624138e-12
298	23.23153763	-2.557459619e-12
299	22.27968793	2.125599015e-13
300	20.05080678	2.319284676e-12
301	17.82226177	3.149301881e-12
302	16.87156311	1.111333269e-12
303	17.72429922	-8.933807277e-13
304	19.84546927	-3.03425889e-12
305	21.95574643	-2.678794023e-12
306	22.78533342	-3.253559592e-13
307	21.82043614	2.0788628e-12
308	19.60290451	3.382982957e-12
309	17.4082156	1.980447116e-12
310	16.49361519	-4.219740963e-13
311	17.36028394	-2.299062275e-12
312	19.46294469	-2.888208218e-12
313	21.53503387	-9.873025447e-13
314	22.33508091	1.229971354e-12
315	21.37398318	3.239179218e-12
316	19.19701054	2.306252462e-12
317	17.05829885	1.109985109e-13
318	16.18254735	-2.055944079e-12
319	17.04877367	-3.138067214e-12
320	19.11480551	-1.606557395e-12
321	21.14043188	6.471168249e-13
322	21.91629579	2.794735788e-12
323	20.97022963	2.86214379e-12
324	18.83901995	1.308164637e-12
325	16.749844	-1.099199829e-12
326	15.90063383	-2.754066293e-12
327	16.76099355	-1.783166362e-12
328	18.80084392	2.415453426e-13
329	20.80289533	2.072571387e-12
330	21.57469949	3.873263829e-12
331	20.64441826	1.772605775e-12
332	18.53532396	-1.335577225e-12
333	16.46000549	-2.181772351e-12
334	15.61287511	-2.153011603e-12
335	16.47292754	8.387802456e-13
336	18.52272941	2.901689818e-12
337	20.54793416	3.396015171e-12
338	21.34424338	3.592172458e-12
339	20.42117703	-7.796858967e-14
340	18.29235513	-2.060437946e-12
341	16.18091622	-3.087735906e-12
342	15.30856816	2.087401147e-13
343	16.18061898	2.41095956e-12
344	18.2846489	3.29175746e-12
345	20.38228964	3.437358746e-12
346	21.22856189	3.71867481e-13
347	20.30164794	-2.530721111e-12
348	18.11574865	-2.869333977e-12
349	15.92944946	-1.004603932e-12
350	15.01436817	1.676437025e-12
351	15.90866343	3.052009664e-12
352	18.09365739	3.805631133e-12
353	20.28817208	1.11605183e-12
354	21.19412078	-2.041114319e-12
355	20.25943919	-4.018865115e-12
356	18.00941468	-1.189301859e-12
357	15.74698345	2.33231689e-13
358	14.79261186	2.565997966e-12
359	15.70772612	4.153905813e-12
360	17.95948643	1.766089668e-12
361	20.22796017	-1.613972276e-12
362	21.17874003	-3.957299139e-12
363	20.24772146	-2.443315401e-12
364	17.97489485	-3.662501474e-14
365	15.68849552	1.352878612e-12
366	14.724409	4.057287676e-12
367	15.64112018	2.288501688e-12
368	17.8936244	-9.859543846e-13
369	20.1580003	-3.909214764e-12
370	21.11301191	-2.927080166e-12
371	20.21536262	-1.768111908e-12
372	18.01130239	2.879220484e-12
373	15.80460492	4.953814111e-12
374	14.88309164	4.257040057e-12
375	15.76480287	5.217379401e-13
376	17.90767081	-2.795185174e-13
377	20.04636457	-1.649473824e-12
378	20.94684082	-6.805961329e-13
379	20.12630411	1.284122449e-12
380	18.11593995	5.127502064e-12
381	16.1231346	3.71530441e-12
382	15.30763941	1.616219209e-12
383	16.10788944	-3.655760674e-13
384	18.01121755	-1.663629504e-12
385	19.88764335	-1.369955306e-12
386	20.67101029	3.437808132e-13
387	19.97488921	3.963365859e-12
388	18.28542826	4.459488758e-12
389	16.63719504	1.456686936e-12
390	15.98606621	8.56081633e-13
391	16.66085676	-2.550269432e-12
392	18.20973175	-1.927868874e-12
393	19.70878494	-3.062570251e-13
394	20.32527528	3.28636482e-12
395	19.79116793	3.606777526e-12
396	18.51696369	1.722049773e-12
397	17.30451076	3.395116397e-13
398	16.85527822	-1.545890193e-12
399	17.37595189	-3.118743587e-12
400	18.50301223	-8.996721413e-13
401	19.56330407	2.654751836e-12
402	19.98939674	3.416686958e-12
403	19.63383764	1.99010893e-12
404	18.809242	5.565654081e-13
405	18.05858099	-2.167391977e-12
406	17.81790919	-2.75653792e-12
407	18.17993204	-2.619474981e-12
408	18.88470844	1.937980075e-12
409	19.51558122	3.229517404e-12
410	19.75988903	2.367593745e-12
411	19.57304415	2.845741176e-12
412	19.16267719	-3.992800687e-13
413	18.82787667	-2.061786106e-12
414	18.77040333	-7.25984188e-13
415	18.99480708	1.833272977e-12
416	19.34313446	4.301978726e-12
417	19.62075682	3.927639618e-12
418	19.72059337	3.180534256e-12
419	19.66901634	-4.606213511e-14
420	19.57878139	-3.224124764e-12
421	19.55631183	-8.151874447e-13
422	19.63252755	8.046268577e-13
423	19.75941734	2.723058612e-12
424	19.86325345	3.200082577e-12
425	19.90742315	2.878995791e-12
426	19.91747459	-4.772486584e-13
427	19.95401245	-2.091445627e-12
428	20.0588704	-2.229070299e-12
429	20.21781416	-5.695976219e-14
430	20.36809177	2.111555681e-12
431	20.44451124	2.908880005e-12
432	20.42936301	2.964828648e-12
433	20.3692822	3.808552147e-14
434	20.34641044	-3.011340169e-12
435	20.42376561	-1.751484601e-12
436	20.60250995	-1.616893289e-12
437	20.82009221	1.11807407e-12
438	20.9900484	2.472300842e-12
439	21.05651145	3.406238718e-12
440	21.02779585	5.691482353e-13
441	20.96858192	-2.494770176e-12
442	20.95786158	-3.001453662e-12
443	21.04105422	-1.493761338e-12
444	21.20622769	-4.569139109e-13
445	21.39675523	2.184918058e-12
446	21.54898666	2.34343921e-12
447	21.62937332	1.156159591e-12
448	21.64893665	-2.166830243e-12
449	21.64977116	-3.144583321e-12
450	21.67607632	-1.72485844e-12
451	21.74957388	9.425885696e-13
452	21.86294119	1.974043356e-12
453	21.99121522	4.594641804e-12
454	22.11007544	1.718005293e-12
455	22.20822092	-3.440055066e-13
456	22.28805276	-1.738452387e-12
457	22.35810487	-2.140653469e-12
458	22.42528439	-6.964370135e-13
459	22.49264973	2.467357588e-12
460	22.56232084	3.479039361e-12
461	22.63866415	2.901577472e-12
462	22.72745674	-9.792135844e-13
463	22.83118566	-1.631498356e-12
464	22.94478034	-2.833607736e-12
465	23.05628487	-1.538924699e-12
466	23.15311207	5.686426752e-13
467	23.22984998	4.144356346e-12
468	23.29199804	2.489152843e-12
469	23.35282378	1.075382335e-12
470	23.42552061	-2.273728101e-12
471	23.51609597	-2.921799873e-12
472	23.62148626	-2.020554878e-12
473	23.73321741	6.770572127e-13
474	23.84296566	2.765357133e-12
475	23.94573107	2.5834117e-12
476	24.03925536	3.445672399e-13
477	24.12203043	-8.625415666e-13
478	24.19336172	-3.848322868e-12
479	24.25639073	-2.4239356e-12
480	24.32102062	1.272326049e-13
481	24.40216059	2.177222311e-12
482	24.51168558	2.881692111e-12
483	24.64822376	1.162422918e-12
484	24.79268916	-1.042268153e-12
485	24.91544235	-2.591978133e-12
486	24.99335332	-3.912079604e-12
487	25.02683076	-6.139464703e-13
488	25.04449837	1.7266279e-12
489	25.08964203	3.458283313e-12
490	25.19452767	2.236513266e-12
491	25.35822352	-4.783159518e-14
492	25.54336389	-2.496371116e-12
493	25.69624665	-2.563371862e-12
494	25.77932168	-1.673839008e-12
495	25.79578771	1.573906644e-12
496	25.78967591	2.191427143e-12
497	25.81995201	2.80211556e-12
498	25.92423231	6.974270685e-13
499	26.095195	-2.07176565e-12
500	26.28516319	-3.654747579e-12
501	26.43620681	-1.196792222e-12
502	26.51636823	-1.563058169e-13
503	26.5385644	3.100936639e-12
504	26.55026146	2.154064853e-12
505	26.60147172	1.053657297e-12
506	26.71282854	-1.449286099e-12
507	26.86482157	-3.263052886e-12
508	27.01431302	-2.772434973e-12
509	27.12566069	5.62575955e-13
510	27.194216	1.766510968e-12
511	27.24618233	3.610513052e-12
512	27.31620328	1.006598085e-12
513	27.42009115	-7.639011894e-13
514	27.54327248	-2.710588131e-12
515	27.65354372	-2.982635595e-12
516	27.72830936	-1.12725841e-12
517	27.77515476	2.371048405e-12
518	27.82898325	2.752044053e-12
519	27.92626202	2.722384532e-12
520	28.07473962	-9.564072102e-13
521	28.24198513	-2.267773727e-12
522	28.37377756	-3.181545376e-12
523	28.4318043	-1.534374659e-12
524	28.4246403	1.178909792e-12
525	28.40838755	2.604195834e-12
526	28.45319345	2.376244438e-12
527	28.59605573	1.225084274e-12
528	28.81184316	-2.849055403e-12
529	29.02427877	-3.323607741e-12
530	29.15252211	-2.0712794e-12
531	29.16421983	3.99336242e-13
532	29.09970579	2.048697719e-12
533	29.049617	2.493478189e-12
534	29.0986096	7.782815633e-13
535	29.2709518	-9.398360762e-13
536	29.51367974	-3.985498154e-12
537	29.72912201	-2.524766737e-12
538	29.83638054	1.267270449e-13
539	29.82217202	2.08796288e-12
540	29.74821921	3.013137716e-12
541	29.71079696	1.593862221e-12
542	29.77924671	-1.12650007e-12
543	29.95355624	-2.574086926e-12
544	30.16780118	-3.502632162e-12
545	30.33554831	-2.316588356e-13
546	30.40596149	6.771133861e-13
547	30.39350517	3.158064922e-12
548	30.36318089	2.362201104e-12
549	30.38366588	2.033474745e-14
550	30.48164305	-2.773277573e-12
551	30.62810408	-2.350854091e-12
552	30.76394372	-1.456911629e-12
553	30.84458607	1.561618727e-12
554	30.87098309	2.275469474e-12
555	30.88537309	3.104026173e-12
556	30.93632396	1.049317907e-12
557	31.03990724	-2.24356302e-12
558	31.16637064	-2.945392673e-12
559	31.26266946	-1.502973765e-12
560	31.29443954	2.263785421e-13
561	31.27590447	2.391972972e-12
562	31.26406629	2.957301421e-12
563	31.31918179	1.330746318e-12
564	31.45881377	-1.002918732e-12
565	31.63923587	-3.488139441e-12
566	31.78016154	-1.666999904e-12
567	31.81840387	-2.119307602e-12
568	31.75432077	1.444441149e-12
569	31.65763914	2.434777054e-12
570	31.62569506	1.668348064e-13
571	31.71980947	-2.25300014e-12
572	31.92196613	-3.181320683e-12
573	32.14215922	-3.591498378e-12
574	32.273795	-1.692390252e-12
575	32.26216347	3.98156602e-13
576	32.14119416	2.95022358e-12
577	32.01361959	9.657319839e-13
578	31.98650875	-1.176494339e-12
579	32.10354948	-3.065266571e-12
580	32.31782235	-2.561279405e-12
581	32.52243224	-2.75653792e-12
582	32.61869631	1.192896953e-12
583	32.57752917	2.045383492e-12
584	32.45491723	1.765415588e-12
585	32.35303438	-1.664977664e-13
586	32.35395302	-2.325351396e-12
587	32.46964266	-3.217159271e-12
588	32.63953319	-2.190984778e-12
589	32.7744961	5.482517545e-14
590	32.81584558	3.385679277e-12
591	32.76988356	1.667673984e-12
592	32.69706079	9.493293699e-13
593	32.66638307	-1.168180685e-12
594	32.70837622	-2.446236414e-12
595	32.79873315	-2.955166834e-12
596	32.88160125	-1.718904066e-13
597	32.91328177	2.568918979e-12
598	32.89373532	2.917643046e-12
599	32.86357369	1.021680626e-12
600	32.87013971	-3.543414003e-13
601	32.92893276	-1.796647963e-12
602	33.00978876	-2.851583203e-12
603	33.05876834	-2.552516365e-13
604	33.040068	2.595657487e-12
605	32.9667795	2.659695089e-12
606	32.89643102	1.54970998e-12
607	32.89228087	-1.473538937e-12
608	32.97665022	-2.520160524e-12
609	33.10992301	-4.16514048e-12
610	33.21230671	-2.110993948e-12
611	33.21592634	8.572050997e-13
612	33.11269878	1.389953014e-12
613	32.96450634	1.425454562e-12
614	32.86654317	3.779342012e-13
615	32.88630075	-4.289845285e-12
616	33.01804894	-3.98089194e-12
617	33.1836327	-3.111104013e-12
618	33.28044184	6.257709574e-13
619	33.24625929	1.834171751e-12
620	33.09914205	2.315464889e-12
621	32.92639536	5.520715413e-13
622	32.8296682	-2.457471081e-12
623	32.86151595	-4.254119044e-12
624	32.99389969	-2.387816145e-12
625	33.13793085	-2.512071563e-13
626	33.20094727	1.575774407e-12
627	33.14359803	2.566672046e-12
628	33.00096603	1.759573561e-12
629	32.856206	-2.319734063e-12
630	32.78600077	-2.864615417e-12
631	32.81405056	-3.050212117e-12
632	32.90144852	3.343436929e-13
633	32.977189	9.17872302e-13
634	32.9859496	3.215586417e-12
635	32.92086296	2.667109969e-12
636	32.82145217	-1.194469806e-12
637	32.74157675	-2.690927464e-12
638	32.71181505	-2.16357219e-12
639	32.72231304	-7.722710164e-13
640	32.73582961	1.306142397e-12
641	32.71884244	2.727552478e-12
642	32.66668247	3.575095764e-12
643	32.60456694	-4.06694949e-14
644	32.56507495	-1.991681783e-12
645	32.56016859	-4.301529339e-12
646	32.56963365	-2.555662072e-12
647	32.55530814	-1.203232846e-12
648	32.4909586	1.970785303e-12
649	32.38543203	1.998422584e-12
650	32.28079421	-5.889212494e-13
651	32.22490019	-2.673401383e-12
652	32.23670755	-3.63666174e-12
653	32.28906784	-3.008194463e-12
654	32.32270774	-1.611950035e-12
655	32.28384714	2.098411121e-12
656	32.16097379	2.265582967e-12
657	31.99561614	2.028082105e-12
658	31.85849066	-6.805961329e-13
659	31.80533571	-4.93022131e-12
660	31.84072064	-3.732605797e-12
661	31.91360054	-1.639587316e-12
662	31.94812487	2.130542269e-12
663	31.89044402	2.94146054e-12
664	31.74190626	3.04099969e-12
665	31.55780395	9.25736569e-14
666	31.41286879	-4.334334567e-12
667	31.35563809	-4.613853084e-12
668	31.38023009	-2.003590531e-12
669	31.43227254	1.451069603e-12
670	31.44383372	-1.190874713e-13
671	31.37449208	2.480839189e-12
672	31.2331608	-1.955281462e-12
673	31.06875218	-3.294678474e-12
674	30.93779033	-4.383767102e-12
675	30.87061057	-2.357033157e-12
676	30.85675355	-1.699131052e-12
677	30.85635846	3.425674692e-12
678	30.82759351	6.030769299e-13
679	30.75134864	2.239743233e-12
680	30.63841311	-2.570042446e-12
681	30.51730307	-3.19558871e-12
682	30.41346281	-3.422528985e-12
683	30.33457002	-8.807979006e-14
684	30.27044153	2.377255558e-13
685	30.20490608	4.788664504e-12
686	30.12912604	2.813160642e-13
687	30.04633926	-2.140878162e-12
688	29.96567124	-3.585656351e-12
689	29.89135032	-2.604195834e-12
690	29.81687954	-3.002352436e-12
691	29.7293701	2.994263475e-12
692	29.62088142	1.405232161e-12
693	29.49766679	3.862029162e-12
694	29.3792334	-1.549934673e-12
695	29.28646972	-2.741258772e-12
696	29.22647062	-2.448708041e-12
697	29.18494423	-6.785738928e-14
698	29.1326101	-4.296136699e-13
699	29.04263717	4.331638247e-12
700	28.90828767	2.073020773e-12
701	28.74903929	-2.592961167e-13
702	28.60041732	-2.367818438e-12
703	28.49316056	-3.050436811e-12
704	28.43440015	-3.28232034e-12
705	28.40260843	-4.462409772e-13
706	28.35969826	2.011904184e-12
707	28.27312345	4.718560182e-13
708	28.13475456	6.367809312e-13
709	27.96537723	-4.020662662e-12
710	27.80242485	-2.805071681e-12
711	27.6784973	-3.45982808e-12
712	27.60332287	-4.143345226e-13
713	27.55928471	1.521173925e-12
714	27.51236278	2.796982721e-12
715	27.43150907	-5.729680221e-13
716	27.30520922	-5.271305803e-13
717	27.14636646	-4.284902032e-12
718	26.98376089	-3.439605679e-12
719	26.8457765	-1.280752049e-12
720	26.7457106	1.722948546e-12
721	26.67622146	1.229521967e-12
722	26.61489382	2.246484033e-12
723	26.53692949	-1.525667792e-12
724	26.42777765	-2.011005411e-12
725	26.289381	-3.792823613e-12
726	26.13763989	-1.7346326e-12
727	25.99330521	1.300525063e-12
728	25.87144933	3.203228283e-12
729	25.7747532	1.333330291e-12
730	25.69342986	7.185693077e-13
731	25.61113594	-2.717441278e-12
732	25.51344117	-3.430168559e-12
733	25.39454535	-2.157056083e-12
734	25.2591802	9.07311715e-13
735	25.11924251	1.934160288e-12
736	24.98732224	3.527685469e-12
737	24.87062807	2.921013446e-13
738	24.76827534	-1.226825647e-12
739	24.67287911	-3.247268178e-12
740	24.57505976	-2.264010114e-12
741	24.46812334	2.992915315e-13
742	24.35050117	2.825743469e-12
743	24.22518034	2.575435086e-12
744	24.0971941	1.376022026e-12
745	23.97109577	-1.2048057e-12
746	23.84978206	-3.601384885e-12
747	23.73464919	-2.728675945e-12
748	23.626008	-1.0461722e-12
749	23.52278916	1.813724657e-12
750	23.42169659	3.042797237e-12
751	23.31707959	1.877088179e-12
752	23.20276266	-1.007974332e-12
753	23.07564003	-2.503533216e-12
754	22.93897398	-3.073804918e-12
755	22.8026143	-1.084370068e-12
756	22.67875785	1.435341069e-12
757	22.57483956	3.077400012e-12
758	22.48773837	2.614981114e-12
759	22.40360645	8.088960312e-14
760	22.30464962	-2.440169694e-12
761	22.17965428	-2.633855355e-12
762	22.03193563	-1.749462361e-12
763	21.8791086	9.333761426e-13
764	21.74373138	3.01673281e-12
765	21.63978238	3.278725246e-12
766	21.56323521	1.040330173e-12
767	21.49316775	-1.505894778e-12
768	21.40358426	-2.867087044e-12
769	21.27920996	-2.209634325e-12
770	21.12547161	5.325232205e-13
771	20.96600206	2.653178982e-12
772	20.82865019	3.340740609e-12
773	20.72838655	1.491514404e-12
774	20.65781172	-4.368038568e-13
775	20.5914638	-3.37444461e-12
776	20.50147197	-2.487355296e-12
777	20.37481512	2.031227812e-13
778	20.22129083	2.119307602e-12
779	20.06714626	3.159637775e-12
780	19.93846764	2.472525535e-12
781	19.84495475	-6.035263166e-13
782	19.77436965	-2.015049891e-12
783	19.70097033	-1.514433125e-12
784	19.60220307	-1.051564841e-12
785	19.47274414	2.819901442e-12
786	19.32698608	2.974939848e-12
787	19.18881705	3.601384885e-12
788	19.075833	7.127272808e-13
789	18.98847931	-1.774628015e-12
790	18.91095577	-2.684186663e-12
791	18.82267289	-5.415109542e-13
792	18.71211638	9.140525152e-13
793	18.58376222	4.483530946e-12
794	18.45380759	4.146490933e-12
795	18.33825644	1.882930206e-12
796	18.2419394	-1.64924913e-12
797	18.15599896	-1.703175532e-12
798	18.06515521	-2.491849163e-12
799	17.9591578	1.80653447e-12
800	17.84007074	1.815522203e-12
801	17.72026607	3.855737749e-12
802	17.61281401	1.862707805e-12
803	17.52145049	-5.87348396e-13
804	17.43756416	-2.981680648e-12
805	17.34650993	-9.760678776e-13
806	17.23871365	-9.082104883e-13
807	17.1174093	2.916519579e-12
808	16.99710269	3.905170284e-12
809	16.89346714	2.600151353e-12
810	16.81168002	-7.868760836e-13
811	16.74166397	-1.460506723e-12
812	16.66411201	-3.909214764e-12
813	16.56362459	1.007075559e-12
814	16.44002379	2.224464086e-13
815	16.30973494	3.431966106e-12
816	16.1956761	2.428036254e-12
817	16.11200914	-9.25736569e-14
818	16.0539477	-3.395116397e-12
819	15.99981003	-1.55173222e-12
820	15.92449613	-3.254458365e-12
821	15.81585454	2.112566801e-12
822	15.6831962	5.061442222e-12
823	15.552107	2.201545365e-12
824	15.44857748	2.685534823e-12
825	15.38249632	4.561274842e-13
826	15.34110529	-1.959325942e-12
827	15.29669368	-1.636666303e-12
828	15.22372024	-2.41095956e-13
829	15.11457446	2.980332488e-12
830	14.98413574	5.859103586e-12
831	14.86045426	2.734517972e-13
832	14.76758274	-5.176934599e-13
833	14.71129224	-2.25367422e-12
834	14.67627429	-2.358156624e-12
835	14.63605473	1.168405378e-14
836	14.56904883	4.543973455e-12
837	14.4708246	2.308948782e-12
838	14.35553747	3.519596509e-12
839	14.24647008	-1.199862446e-13
840	14.16209944	-9.084351817e-13
841	14.10619969	-2.407364466e-12
842	14.06729232	1.526341872e-12
843	14.02671907	7.154236009e-13
844	13.96968145	5.206818814e-12
845	13.89260833	1.504546618e-12
846	13.8032754	1.264349435e-12
847	13.71481502	-1.779121882e-12
848	13.6380431	-2.827091629e-12
849	13.57663715	-2.423317693e-12
850	13.52711706	3.584532885e-12
851	13.48238796	1.497356431e-12
852	13.43589927	4.492968066e-12
853	13.38400292	1.741148707e-12
854	13.32599773	-2.158628936e-12
855	13.26301442	-4.479711159e-12
856	13.19720207	1.149531138e-12
857	13.13170599	-6.021781565e-13
858	13.07072514	3.648345794e-12
859	13.01860351	-3.446795866e-13
860	12.97773946	1.924273781e-12
861	12.94639655	2.617902128e-12
862	12.91815931	-3.789228519e-12
863	12.884127	-1.112456736e-12
864	12.83726715	1.558697713e-12
865	12.77672901	3.067738198e-12
866	12.70947717	4.557904442e-12
867	12.64778603	5.416233009e-12
868	12.60337167	-5.060094062e-13
869	12.58098698	-3.493981468e-13
870	12.57496205	-1.771931695e-12
871	12.57095037	4.186036961e-13
872	12.5525575	3.671938595e-12
873	12.50985249	3.583858805e-12
874	12.44540626	1.991232397e-12
875	12.374315	1.544766726e-12
876	12.31747312	-3.62722462e-12
877	12.29092063	-8.246245651e-13
878	12.29659594	-6.080201834e-13
879	12.31975398	5.835286091e-13
880	12.33530328	3.039202144e-12
881	12.32060688	4.992011979e-12
882	12.26830542	-5.95886743e-13
883	12.19188283	-5.170193799e-13
884	12.11997951	-1.316253597e-12
885	12.0815223	-1.65194545e-12
886	12.08934584	-6.066720234e-15
887	12.13168512	5.632388004e-12
888	12.17720137	3.015609343e-12
889	12.19169487	3.347930796e-12
890	12.15754428	-4.119527732e-12
891	12.08459755	-3.359614849e-12
892	12.00558442	-9.25062489e-13
893	11.95798774	1.797546736e-14
894	11.96254974	1.530611046e-12
895	12.01105703	4.220639736e-12
896	12.07089501	1.64924913e-13
897	12.10393002	9.571936369e-14
898	12.0885674	-2.064257733e-12
899	12.03181287	-3.568130271e-12
900	11.96424544	2.571390606e-12
901	11.92128713	3.568354964e-12
902	11.92246385	3.70788953e-12
903	11.96124823	3.713057476e-12
904	12.01106681	1.924723167e-12
905	12.04275499	-2.176155017e-12
906	12.04185625	-9.670801439e-13
907	12.01504559	-3.874387296e-12
908	11.98274215	4.41926865e-12
909	11.96421042	4.75675805e-12
910	11.9658574	3.28636482e-12
911	11.98022812	-1.530161659e-13
912	11.99496698	1.108412256e-12
913	12.00381598	-2.623744154e-12
914	12.01076378	-1.559371793e-13
915	12.0243192	1.325241331e-12
916	12.04706779	3.968309113e-12
917	12.06986243	3.357817303e-12
918	12.07674745	-1.017860839e-13
919	12.05814882	-1.863831272e-12
920	12.02237806	3.235584125e-14
921	11.9951559	-4.010776155e-12
922	12.00475407	1.552630993e-13
923	12.06134616	1.572179314e-12
924	12.145199	4.643512606e-12
925	12.2142025	2.097512347e-12
926	12.22869389	6.803714395e-13
927	12.1787352	-5.122221771e-12
928	12.09518011	-1.89191794e-12
929	12.03477549	9.498911033e-13
930	12.0462698	2.324340276e-12
931	12.13816671	2.50611719e-12
932	12.26965001	2.308611742e-12
933	12.37261932	-1.324679598e-12
934	12.39280672	-1.917083594e-12
935	12.32459404	-5.158509745e-12
936	12.21676683	-2.404218759e-14
937	12.14417163	1.667336944e-12
938	12.16207582	1.965505009e-12
939	12.27173758	3.18884791e-12
940	12.41923095	3.773275292e-12
941	12.52866857	-1.627903263e-13
942	12.54898307	-2.769457787e-12
943	12.48470771	-3.024372383e-13
944	12.39154481	6.22512904e-13
945	12.34022748	6.2281624e-12
946	12.37239566	4.773048317e-12
947	12.47672254	1.991232397e-12
948	12.59959684	-1.538025926e-13
949	12.68179226	-2.920002326e-12
950	12.69604455	-1.692390252e-12
951	12.66109819	1.769347721e-12
952	12.62463695	2.546000258e-12
953	12.62871882	4.512516387e-12
954	12.6823654	1.855517618e-12
955	12.75960036	-1.582739901e-12
956	12.82245137	-8.481050193e-13
957	12.85073106	-2.899667578e-13
958	12.85628924	-1.821251883e-12
959	12.87157151	2.188850191e-12
960	12.92175657	4.16480344e-12
961	13.0022545	4.039199862e-12
962	13.07965436	5.128625531e-13
963	13.11674299	-2.971906488e-12
964	13.10357529	-2.914047952e-12
965	13.07061385	-6.434093848e-13
966	13.0717397	1.120545696e-12
967	13.14672489	3.972072726e-12
968	13.28908787	4.015438541e-12
969	13.44377823	8.392858057e-13
970	13.53970041	-2.436686947e-12
971	13.53745407	-1.382875173e-12
972	13.46009812	-1.02780352e-12
973	13.38396247	1.937081301e-12
974	13.39247423	3.042853411e-12
975	13.52158514	2.036171065e-12
976	13.73295935	1.408546388e-12
977	13.9344573	-6.599243454e-13
978	14.03679862	-1.716432439e-12
979	14.01075515	-5.870675293e-13
980	13.90755611	7.281749481e-13
981	13.82823056	1.922363887e-12
982	13.86066593	5.28776459e-12
983	14.02448592	3.53838649e-12
984	14.25915275	7.647157028e-13
985	14.46281338	-2.458706895e-12
986	14.55659477	-3.160592722e-12
987	14.53289696	1.767325481e-12
988	14.45725819	4.518892061e-12
989	14.4240347	3.652783487e-12
990	14.4959747	2.948987767e-12
991	14.66713793	1.343329145e-12
992	14.87183357	-1.100154776e-13
993	15.03117193	-1.737680004e-12
994	15.10455871	-1.126556243e-12
995	15.11197585	2.311771492e-12
996	15.11434227	4.360146215e-12
997	15.1682438	1.972049203e-12
998	15.2878125	1.650291848e-12
999	15.43967189	-2.106131444e-13
